-15.70381780 0 0 0 0 0 0 0 0 0 0 0
 3.96013295 3 0 0 0 0 0 0 0 0 0 0
 0.04395689 2 3 2 0 0 0 0 0 0 0 0
 0.04395689 1 3 1 0 0 0 0 0 0 0 0
 0.03159794 2 3 3 3 2 0 0 0 0 0 0
 0.03159794 1 3 3 3 1 0 0 0 0 0 0
-0.03027771 2 3 3 3 3 3 3 3 3 3 2
-0.03027771 1 3 3 3 3 3 3 3 3 3 1
 3.96013295 0 3 0 0 0 0 0 0 0 0 0
 0.04395689 0 2 3 2 0 0 0 0 0 0 0
 0.04395689 0 1 3 1 0 0 0 0 0 0 0
 0.03159794 0 2 3 3 3 2 0 0 0 0 0
 0.03159794 0 1 3 3 3 1 0 0 0 0 0
-0.03027771 0 2 3 3 3 3 3 3 3 3 3
-0.03027771 0 1 3 3 3 3 3 3 3 3 3
 0.22591275 0 0 3 0 0 0 0 0 0 0 0
-0.02775900 0 0 2 3 2 0 0 0 0 0 0
-0.02775900 0 0 1 3 1 0 0 0 0 0 0
 0.04617675 0 0 2 3 3 3 3 3 3 3 2
 0.04617675 0 0 1 3 3 3 3 3 3 3 1
 0.22591275 0 0 0 3 0 0 0 0 0 0 0
-0.02775900 0 0 0 2 3 2 0 0 0 0 0
-0.02775900 0 0 0 1 3 1 0 0 0 0 0
 0.04617675 0 0 0 2 3 3 3 3 3 3 3
 0.04617675 0 0 0 1 3 3 3 3 3 3 3
 0.11018113 0 0 0 0 3 0 0 0 0 0 0
-0.01420130 0 0 0 0 2 3 3 3 3 3 2
-0.01420130 0 0 0 0 1 3 3 3 3 3 1
 0.11018113 0 0 0 0 0 3 0 0 0 0 0
-0.01420130 0 0 0 0 0 2 3 3 3 3 3
-0.01420130 0 0 0 0 0 1 3 3 3 3 3
 0.05186386 0 0 0 0 0 0 3 0 0 0 0
 0.05186386 0 0 0 0 0 0 0 3 0 0 0
 0.05186386 0 0 0 0 0 0 0 0 3 0 0
 0.05186386 0 0 0 0 0 0 0 0 0 3 0
-0.16242524 0 0 0 0 0 0 0 0 0 0 3
-0.16242524 0 0 0 0 0 0 0 0 0 0 0
 0.72268910 3 3 0 0 0 0 0 0 0 0 0
 0.05731167 2 0 2 0 0 0 0 0 0 0 0
 0.05731167 1 0 1 0 0 0 0 0 0 0 0
 0.05390105 2 0 3 3 2 0 0 0 0 0 0
 0.05390105 1 0 3 3 1 0 0 0 0 0 0
-0.03511514 2 0 3 3 3 3 3 3 3 3 2
-0.03511514 1 0 3 3 3 3 3 3 3 3 1
 0.05731167 3 2 3 2 0 0 0 0 0 0 0
 0.05731167 3 1 3 1 0 0 0 0 0 0 0
 0.00751558 2 1 1 2 0 0 0 0 0 0 0
-0.00751558 2 2 1 1 0 0 0 0 0 0 0
-0.00751558 1 1 2 2 0 0 0 0 0 0 0
 0.00751558 1 2 2 1 0 0 0 0 0 0 0
-0.00588371 2 1 0 1 2 0 0 0 0 0 0
-0.00588371 2 2 0 2 2 0 0 0 0 0 0
-0.00588371 1 1 0 1 1 0 0 0 0 0 0
-0.00588371 1 2 0 2 1 0 0 0 0 0 0
 0.00575237 2 1 0 1 3 3 3 3 3 3 2
 0.00575237 2 2 0 2 3 3 3 3 3 3 2
 0.00575237 1 1 0 1 3 3 3 3 3 3 1
 0.00575237 1 2 0 2 3 3 3 3 3 3 1
 0.05390105 3 2 3 3 3 2 0 0 0 0 0
 0.05390105 3 1 3 3 3 1 0 0 0 0 0
 0.00588371 2 1 1 3 3 2 0 0 0 0 0
-0.00588371 2 2 1 3 3 1 0 0 0 0 0
-0.00588371 1 1 2 3 3 2 0 0 0 0 0
 0.00588371 1 2 2 3 3 1 0 0 0 0 0
 0.00845191 2 1 0 0 1 2 0 0 0 0 0
-0.00845191 2 2 0 0 1 1 0 0 0 0 0
-0.00845191 1 1 0 0 2 2 0 0 0 0 0
 0.00845191 1 2 0 0 2 1 0 0 0 0 0
 0.00128277 2 1 0 0 0 1 3 3 3 3 2
 0.00128277 2 2 0 0 0 2 3 3 3 3 2
 0.00128277 1 1 0 0 0 1 3 3 3 3 1
 0.00128277 1 2 0 0 0 2 3 3 3 3 1
 0.00542304 2 1 0 0 0 0 1 2 0 0 0
-0.00542304 2 2 0 0 0 0 1 1 0 0 0
-0.00542304 1 1 0 0 0 0 2 2 0 0 0
 0.00542304 1 2 0 0 0 0 2 1 0 0 0
 0.00542304 2 1 0 0 0 0 0 0 1 2 0
-0.00542304 2 2 0 0 0 0 0 0 1 1 0
-0.00542304 1 1 0 0 0 0 0 0 2 2 0
 0.00542304 1 2 0 0 0 0 0 0 2 1 0
-0.03511514 3 2 3 3 3 3 3 3 3 3 3
-0.03511514 3 1 3 3 3 3 3 3 3 3 3
-0.00575237 2 1 1 3 3 3 3 3 3 3 3
 0.00575237 2 2 1 3 3 3 3 3 3 3 3
 0.00575237 1 1 2 3 3 3 3 3 3 3 3
-0.00575237 1 2 2 3 3 3 3 3 3 3 3
-0.00128277 2 1 0 0 1 3 3 3 3 3 3
 0.00128277 2 2 0 0 1 3 3 3 3 3 3
 0.00128277 1 1 0 0 2 3 3 3 3 3 3
-0.00128277 1 2 0 0 2 3 3 3 3 3 3
 0.00714722 2 1 0 0 0 0 0 0 0 0 1
-0.00714722 2 2 0 0 0 0 0 0 0 0 1
-0.00714722 1 1 0 0 0 0 0 0 0 0 2
 0.00714722 1 2 0 0 0 0 0 0 0 0 2
 0.14115343 3 0 3 0 0 0 0 0 0 0 0
-0.01730676 3 0 2 3 2 0 0 0 0 0 0
-0.01730676 3 0 1 3 1 0 0 0 0 0 0
 0.04076582 3 0 2 3 3 3 3 3 3 3 2
 0.04076582 3 0 1 3 3 3 3 3 3 3 1
 0.00264592 2 3 0 3 2 0 0 0 0 0 0
 0.00264592 1 3 0 3 1 0 0 0 0 0 0
 0.00380428 2 3 0 3 3 3 3 3 3 3 2
 0.00380428 1 3 0 3 3 3 3 3 3 3 1
-0.00024040 2 3 1 0 1 3 3 3 3 3 2
-0.00419124 2 3 2 0 2 3 3 3 3 3 2
-0.00395084 2 3 2 0 1 3 3 3 3 3 1
-0.00395084 1 3 1 0 2 3 3 3 3 3 2
-0.00419124 1 3 1 0 1 3 3 3 3 3 1
-0.00024040 1 3 2 0 2 3 3 3 3 3 1
 0.14866902 3 0 0 3 0 0 0 0 0 0 0
 0.00033554 2 3 2 3 0 0 0 0 0 0 0
 0.00033554 1 3 1 3 0 0 0 0 0 0 0
 0.00471012 2 3 3 0 2 0 0 0 0 0 0
 0.00471012 1 3 3 0 1 0 0 0 0 0 0
 0.00305297 2 3 3 0 3 3 3 3 3 3 2
 0.00305297 1 3 3 0 3 3 3 3 3 3 1
-0.02319047 3 0 0 2 3 2 0 0 0 0 0
-0.02319047 3 0 0 1 3 1 0 0 0 0 0
-0.00206420 2 3 2 2 3 2 0 0 0 0 0
-0.00206420 2 3 2 1 3 1 0 0 0 0 0
-0.00206420 1 3 1 2 3 2 0 0 0 0 0
-0.00206420 1 3 1 1 3 1 0 0 0 0 0
 0.00080070 2 3 3 1 1 2 0 0 0 0 0
-0.00080070 2 3 3 2 1 1 0 0 0 0 0
-0.00080070 1 3 3 1 2 2 0 0 0 0 0
 0.00080070 1 3 3 2 2 1 0 0 0 0 0
-0.00315149 2 3 3 1 0 1 3 3 3 3 2
-0.00315149 2 3 3 2 0 2 3 3 3 3 2
-0.00315149 1 3 3 1 0 1 3 3 3 3 1
-0.00315149 1 3 3 2 0 2 3 3 3 3 1
 0.00482127 2 3 3 1 0 0 1 2 0 0 0
-0.00482127 2 3 3 2 0 0 1 1 0 0 0
-0.00482127 1 3 3 1 0 0 2 2 0 0 0
 0.00482127 1 3 3 2 0 0 2 1 0 0 0
 0.00482127 2 3 3 1 0 0 0 0 1 2 0
-0.00482127 2 3 3 2 0 0 0 0 1 1 0
-0.00482127 1 3 3 1 0 0 0 0 2 2 0
 0.00482127 1 3 3 2 0 0 0 0 2 1 0
 0.04651820 3 0 0 2 3 3 3 3 3 3 3
 0.04651820 3 0 0 1 3 3 3 3 3 3 3
 0.00075131 2 3 2 2 3 3 3 3 3 3 3
 0.00075131 2 3 2 1 3 3 3 3 3 3 3
 0.00075131 1 3 1 2 3 3 3 3 3 3 3
 0.00075131 1 3 1 1 3 3 3 3 3 3 3
 0.00291109 2 3 3 1 1 3 3 3 3 3 3
-0.00291109 2 3 3 2 1 3 3 3 3 3 3
-0.00291109 1 3 3 1 2 3 3 3 3 3 3
 0.00291109 1 3 3 2 2 3 3 3 3 3 3
 0.00142284 2 3 3 1 0 0 0 0 0 0 1
-0.00142284 2 3 3 2 0 0 0 0 0 0 1
-0.00142284 1 3 3 1 0 0 0 0 0 0 2
 0.00142284 1 3 3 2 0 0 0 0 0 0 2
 0.16362118 3 0 0 0 3 0 0 0 0 0 0
-0.02416798 3 0 0 0 2 3 3 3 3 3 2
-0.02416798 3 0 0 0 1 3 3 3 3 3 1
 0.00460777 2 3 2 0 3 0 0 0 0 0 0
 0.00460777 1 3 1 0 3 0 0 0 0 0 0
-0.00399978 2 3 3 3 0 3 3 3 3 3 2
-0.00399978 1 3 3 3 0 3 3 3 3 3 1
 0.17207309 3 0 0 0 0 3 0 0 0 0 0
 0.00380707 2 3 2 0 0 3 0 0 0 0 0
 0.00380707 1 3 1 0 0 3 0 0 0 0 0
-0.00100142 2 3 3 3 2 3 0 0 0 0 0
-0.00100142 1 3 3 3 1 3 0 0 0 0 0
-0.00573399 2 3 3 3 3 0 3 3 3 3 2
-0.00573399 1 3 3 3 3 0 3 3 3 3 1
 0.00461375 2 3 3 3 3 1 1 2 0 0 0
-0.00461375 2 3 3 3 3 2 1 1 0 0 0
-0.00461375 1 3 3 3 3 1 2 2 0 0 0
 0.00461375 1 3 3 3 3 2 2 1 0 0 0
 0.00461375 2 3 3 3 3 1 0 0 1 2 0
-0.00461375 2 3 3 3 3 2 0 0 1 1 0
-0.00461375 1 3 3 3 3 1 0 0 2 2 0
 0.00461375 1 3 3 3 3 2 0 0 2 1 0
-0.02288521 3 0 0 0 0 2 3 3 3 3 3
-0.02288521 3 0 0 0 0 1 3 3 3 3 3
-0.00103975 2 3 2 0 0 2 3 3 3 3 3
-0.00103975 2 3 2 0 0 1 3 3 3 3 3
-0.00103975 1 3 1 0 0 2 3 3 3 3 3
-0.00103975 1 3 1 0 0 1 3 3 3 3 3
 0.00173421 2 3 3 3 2 2 3 3 3 3 3
 0.00173421 2 3 3 3 2 1 3 3 3 3 3
 0.00173421 1 3 3 3 1 2 3 3 3 3 3
 0.00173421 1 3 3 3 1 1 3 3 3 3 3
 0.00270156 2 3 3 3 3 1 0 0 0 0 1
-0.00270156 2 3 3 3 3 2 0 0 0 0 1
-0.00270156 1 3 3 3 3 1 0 0 0 0 2
 0.00270156 1 3 3 3 3 2 0 0 0 0 2
 0.18007437 3 0 0 0 0 0 3 0 0 0 0
 0.00702768 2 3 2 0 0 0 3 0 0 0 0
 0.00702768 1 3 1 0 0 0 3 0 0 0 0
 0.00646247 2 3 3 3 2 0 3 0 0 0 0
 0.00646247 1 3 3 3 1 0 3 0 0 0 0
-0.00392077 2 3 3 3 3 3 0 3 3 3 2
-0.00392077 1 3 3 3 3 3 0 3 3 3 1
 0.18549740 3 0 0 0 0 0 0 3 0 0 0
 0.00220642 2 3 2 0 0 0 0 3 0 0 0
 0.00220642 1 3 1 0 0 0 0 3 0 0 0
 0.00184871 2 3 3 3 2 0 0 3 0 0 0
 0.00184871 1 3 3 3 1 0 0 3 0 0 0
-0.00104209 2 3 3 3 3 3 3 0 3 3 2
-0.00104209 1 3 3 3 3 3 3 0 3 3 1
-0.00287868 2 3 3 3 3 3 2 2 3 3 3
-0.00287868 2 3 3 3 3 3 2 1 3 3 3
-0.00287868 1 3 3 3 3 3 1 2 3 3 3
-0.00287868 1 3 3 3 3 3 1 1 3 3 3
 0.18007437 3 0 0 0 0 0 0 0 3 0 0
 0.00702768 2 3 2 0 0 0 0 0 3 0 0
 0.00702768 1 3 1 0 0 0 0 0 3 0 0
 0.00646247 2 3 3 3 2 0 0 0 3 0 0
 0.00646247 1 3 3 3 1 0 0 0 3 0 0
-0.00392077 2 3 3 3 3 3 3 3 0 3 2
-0.00392077 1 3 3 3 3 3 3 3 0 3 1
 0.18549740 3 0 0 0 0 0 0 0 0 3 0
 0.00220642 2 3 2 0 0 0 0 0 0 3 0
 0.00220642 1 3 1 0 0 0 0 0 0 3 0
 0.00184871 2 3 3 3 2 0 0 0 0 3 0
 0.00184871 1 3 3 3 1 0 0 0 0 3 0
-0.00104209 2 3 3 3 3 3 3 3 3 0 2
-0.00104209 1 3 3 3 3 3 3 3 3 0 1
-0.00287868 2 3 3 3 3 3 3 3 2 2 3
-0.00287868 2 3 3 3 3 3 3 3 2 1 3
-0.00287868 1 3 3 3 3 3 3 3 1 2 3
-0.00287868 1 3 3 3 3 3 3 3 1 1 3
 0.15991016 3 0 0 0 0 0 0 0 0 0 3
 0.00252989 2 3 2 0 0 0 0 0 0 0 3
 0.00252989 1 3 1 0 0 0 0 0 0 0 3
 0.00736846 2 3 3 3 2 0 0 0 0 0 3
 0.00736846 1 3 3 3 1 0 0 0 0 0 3
 0.16705737 3 0 0 0 0 0 0 0 0 0 0
 0.00110705 2 3 2 0 0 0 0 0 0 0 0
 0.00110705 1 3 1 0 0 0 0 0 0 0 0
 0.00466689 2 3 3 3 2 0 0 0 0 0 0
 0.00466689 1 3 3 3 1 0 0 0 0 0 0
 0.00221176 2 3 3 3 3 3 3 3 3 3 2
 0.00221176 1 3 3 3 3 3 3 3 3 3 1
 0.14866902 0 3 3 0 0 0 0 0 0 0 0
 0.00033554 0 2 0 2 0 0 0 0 0 0 0
 0.00033554 0 1 0 1 0 0 0 0 0 0 0
 0.00471012 0 2 0 3 3 2 0 0 0 0 0
 0.00471012 0 1 0 3 3 1 0 0 0 0 0
 0.00305297 0 2 0 3 3 3 3 3 3 3 3
 0.00305297 0 1 0 3 3 3 3 3 3 3 3
-0.02319047 0 3 2 3 2 0 0 0 0 0 0
-0.02319047 0 3 1 3 1 0 0 0 0 0 0
-0.00206420 0 2 1 1 2 0 0 0 0 0 0
 0.00206420 0 2 2 1 1 0 0 0 0 0 0
 0.00206420 0 1 1 2 2 0 0 0 0 0 0
-0.00206420 0 1 2 2 1 0 0 0 0 0 0
-0.00080070 0 2 1 0 1 2 0 0 0 0 0
-0.00080070 0 2 2 0 2 2 0 0 0 0 0
-0.00080070 0 1 1 0 1 1 0 0 0 0 0
-0.00080070 0 1 2 0 2 1 0 0 0 0 0
-0.00315149 0 2 1 0 1 3 3 3 3 3 3
-0.00315149 0 2 2 0 2 3 3 3 3 3 3
-0.00315149 0 1 1 0 1 3 3 3 3 3 3
-0.00315149 0 1 2 0 2 3 3 3 3 3 3
-0.00482127 0 2 1 0 0 0 1 2 0 0 0
-0.00482127 0 2 2 0 0 0 2 2 0 0 0
-0.00482127 0 1 1 0 0 0 1 1 0 0 0
-0.00482127 0 1 2 0 0 0 2 1 0 0 0
-0.00482127 0 2 1 0 0 0 0 0 1 2 0
-0.00482127 0 2 2 0 0 0 0 0 2 2 0
-0.00482127 0 1 1 0 0 0 0 0 1 1 0
-0.00482127 0 1 2 0 0 0 0 0 2 1 0
 0.04651820 0 3 2 3 3 3 3 3 3 3 2
 0.04651820 0 3 1 3 3 3 3 3 3 3 1
 0.00075131 0 2 1 1 3 3 3 3 3 3 2
-0.00075131 0 2 2 1 3 3 3 3 3 3 1
-0.00075131 0 1 1 2 3 3 3 3 3 3 2
 0.00075131 0 1 2 2 3 3 3 3 3 3 1
 0.00291109 0 2 1 0 0 1 3 3 3 3 2
-0.00291109 0 2 2 0 0 1 3 3 3 3 1
-0.00291109 0 1 1 0 0 2 3 3 3 3 2
 0.00291109 0 1 2 0 0 2 3 3 3 3 1
-0.00142284 0 2 1 0 0 0 0 0 0 0 1
-0.00142284 0 2 2 0 0 0 0 0 0 0 2
-0.00142284 0 1 1 0 0 0 0 0 0 0 1
-0.00142284 0 1 2 0 0 0 0 0 0 0 2
 0.14115343 0 3 0 3 0 0 0 0 0 0 0
-0.01730676 0 3 0 2 3 2 0 0 0 0 0
-0.01730676 0 3 0 1 3 1 0 0 0 0 0
 0.04076582 0 3 0 2 3 3 3 3 3 3 3
 0.04076582 0 3 0 1 3 3 3 3 3 3 3
 0.00264592 0 2 3 0 3 2 0 0 0 0 0
 0.00264592 0 1 3 0 3 1 0 0 0 0 0
 0.00380428 0 2 3 0 3 3 3 3 3 3 3
 0.00380428 0 1 3 0 3 3 3 3 3 3 3
-0.00024040 0 2 3 1 0 1 3 3 3 3 3
-0.00419124 0 2 3 2 0 2 3 3 3 3 3
-0.00395084 0 2 3 2 0 1 3 3 3 3 3
-0.00395084 0 1 3 1 0 2 3 3 3 3 3
-0.00419124 0 1 3 1 0 1 3 3 3 3 3
-0.00024040 0 1 3 2 0 2 3 3 3 3 3
 0.17207309 0 3 0 0 3 0 0 0 0 0 0
 0.00380707 0 2 3 2 3 0 0 0 0 0 0
 0.00380707 0 1 3 1 3 0 0 0 0 0 0
-0.00100142 0 2 3 3 0 2 0 0 0 0 0
-0.00100142 0 1 3 3 0 1 0 0 0 0 0
-0.00573399 0 2 3 3 0 3 3 3 3 3 3
-0.00573399 0 1 3 3 0 3 3 3 3 3 3
-0.00461375 0 2 3 3 1 0 1 2 0 0 0
-0.00461375 0 2 3 3 2 0 2 2 0 0 0
-0.00461375 0 1 3 3 1 0 1 1 0 0 0
-0.00461375 0 1 3 3 2 0 2 1 0 0 0
-0.00461375 0 2 3 3 1 0 0 0 1 2 0
-0.00461375 0 2 3 3 2 0 0 0 2 2 0
-0.00461375 0 1 3 3 1 0 0 0 1 1 0
-0.00461375 0 1 3 3 2 0 0 0 2 1 0
-0.02288521 0 3 0 0 2 3 3 3 3 3 2
-0.02288521 0 3 0 0 1 3 3 3 3 3 1
-0.00103975 0 2 3 2 2 3 3 3 3 3 2
-0.00103975 0 2 3 2 1 3 3 3 3 3 1
-0.00103975 0 1 3 1 2 3 3 3 3 3 2
-0.00103975 0 1 3 1 1 3 3 3 3 3 1
 0.00173421 0 2 3 3 1 1 3 3 3 3 2
-0.00173421 0 2 3 3 2 1 3 3 3 3 1
-0.00173421 0 1 3 3 1 2 3 3 3 3 2
 0.00173421 0 1 3 3 2 2 3 3 3 3 1
-0.00270156 0 2 3 3 1 0 0 0 0 0 1
-0.00270156 0 2 3 3 2 0 0 0 0 0 2
-0.00270156 0 1 3 3 1 0 0 0 0 0 1
-0.00270156 0 1 3 3 2 0 0 0 0 0 2
 0.16362118 0 3 0 0 0 3 0 0 0 0 0
-0.02416798 0 3 0 0 0 2 3 3 3 3 3
-0.02416798 0 3 0 0 0 1 3 3 3 3 3
 0.00460777 0 2 3 2 0 3 0 0 0 0 0
 0.00460777 0 1 3 1 0 3 0 0 0 0 0
-0.00399978 0 2 3 3 3 0 3 3 3 3 3
-0.00399978 0 1 3 3 3 0 3 3 3 3 3
 0.18549740 0 3 0 0 0 0 3 0 0 0 0
 0.00220642 0 2 3 2 0 0 3 0 0 0 0
 0.00220642 0 1 3 1 0 0 3 0 0 0 0
 0.00184871 0 2 3 3 3 2 3 0 0 0 0
 0.00184871 0 1 3 3 3 1 3 0 0 0 0
-0.00104209 0 2 3 3 3 3 0 3 3 3 3
-0.00104209 0 1 3 3 3 3 0 3 3 3 3
-0.00287868 0 2 3 3 3 3 1 1 3 3 2
 0.00287868 0 2 3 3 3 3 2 1 3 3 1
 0.00287868 0 1 3 3 3 3 1 2 3 3 2
-0.00287868 0 1 3 3 3 3 2 2 3 3 1
 0.18007437 0 3 0 0 0 0 0 3 0 0 0
 0.00702768 0 2 3 2 0 0 0 3 0 0 0
 0.00702768 0 1 3 1 0 0 0 3 0 0 0
 0.00646247 0 2 3 3 3 2 0 3 0 0 0
 0.00646247 0 1 3 3 3 1 0 3 0 0 0
-0.00392077 0 2 3 3 3 3 3 0 3 3 3
-0.00392077 0 1 3 3 3 3 3 0 3 3 3
 0.18549740 0 3 0 0 0 0 0 0 3 0 0
 0.00220642 0 2 3 2 0 0 0 0 3 0 0
 0.00220642 0 1 3 1 0 0 0 0 3 0 0
 0.00184871 0 2 3 3 3 2 0 0 3 0 0
 0.00184871 0 1 3 3 3 1 0 0 3 0 0
-0.00104209 0 2 3 3 3 3 3 3 0 3 3
-0.00104209 0 1 3 3 3 3 3 3 0 3 3
-0.00287868 0 2 3 3 3 3 3 3 1 1 2
 0.00287868 0 2 3 3 3 3 3 3 2 1 1
 0.00287868 0 1 3 3 3 3 3 3 1 2 2
-0.00287868 0 1 3 3 3 3 3 3 2 2 1
 0.18007437 0 3 0 0 0 0 0 0 0 3 0
 0.00702768 0 2 3 2 0 0 0 0 0 3 0
 0.00702768 0 1 3 1 0 0 0 0 0 3 0
 0.00646247 0 2 3 3 3 2 0 0 0 3 0
 0.00646247 0 1 3 3 3 1 0 0 0 3 0
-0.00392077 0 2 3 3 3 3 3 3 3 0 3
-0.00392077 0 1 3 3 3 3 3 3 3 0 3
 0.16705737 0 3 0 0 0 0 0 0 0 0 3
 0.00110705 0 2 3 2 0 0 0 0 0 0 3
 0.00110705 0 1 3 1 0 0 0 0 0 0 3
 0.00466689 0 2 3 3 3 2 0 0 0 0 3
 0.00466689 0 1 3 3 3 1 0 0 0 0 3
 0.00221176 0 2 3 3 3 3 3 3 3 3 0
 0.00221176 0 1 3 3 3 3 3 3 3 3 0
 0.15991016 0 3 0 0 0 0 0 0 0 0 0
 0.00252989 0 2 3 2 0 0 0 0 0 0 0
 0.00252989 0 1 3 1 0 0 0 0 0 0 0
 0.00736846 0 2 3 3 3 2 0 0 0 0 0
 0.00736846 0 1 3 3 3 1 0 0 0 0 0
 0.14430788 0 0 3 3 0 0 0 0 0 0 0
 0.01800081 0 0 2 0 2 0 0 0 0 0 0
 0.01800081 0 0 1 0 1 0 0 0 0 0 0
 0.00031647 0 0 2 0 3 3 3 3 3 3 2
 0.00031647 0 0 1 0 3 3 3 3 3 3 1
 0.01800081 0 0 3 2 3 2 0 0 0 0 0
 0.01800081 0 0 3 1 3 1 0 0 0 0 0
 0.01727074 0 0 2 1 1 2 0 0 0 0 0
-0.01727074 0 0 2 2 1 1 0 0 0 0 0
-0.01727074 0 0 1 1 2 2 0 0 0 0 0
 0.01727074 0 0 1 2 2 1 0 0 0 0 0
 0.01307115 0 0 2 1 0 1 3 3 3 3 2
 0.01307115 0 0 2 2 0 2 3 3 3 3 2
 0.01307115 0 0 1 1 0 1 3 3 3 3 1
 0.01307115 0 0 1 2 0 2 3 3 3 3 1
 0.01517498 0 0 2 1 0 0 1 2 0 0 0
-0.01517498 0 0 2 2 0 0 1 1 0 0 0
-0.01517498 0 0 1 1 0 0 2 2 0 0 0
 0.01517498 0 0 1 2 0 0 2 1 0 0 0
 0.01517498 0 0 2 1 0 0 0 0 1 2 0
-0.01517498 0 0 2 2 0 0 0 0 1 1 0
-0.01517498 0 0 1 1 0 0 0 0 2 2 0
 0.01517498 0 0 1 2 0 0 0 0 2 1 0
 0.00031647 0 0 3 2 3 3 3 3 3 3 3
 0.00031647 0 0 3 1 3 3 3 3 3 3 3
-0.01307115 0 0 2 1 1 3 3 3 3 3 3
 0.01307115 0 0 2 2 1 3 3 3 3 3 3
 0.01307115 0 0 1 1 2 3 3 3 3 3 3
-0.01307115 0 0 1 2 2 3 3 3 3 3 3
 0.03025344 0 0 2 1 0 0 0 0 0 0 1
-0.03025344 0 0 2 2 0 0 0 0 0 0 1
-0.03025344 0 0 1 1 0 0 0 0 0 0 2
 0.03025344 0 0 1 2 0 0 0 0 0 0 2
 0.08714016 0 0 3 0 3 0 0 0 0 0 0
-0.00009483 0 0 3 0 2 3 3 3 3 3 2
-0.00009483 0 0 3 0 1 3 3 3 3 3 1
 0.02241826 0 0 2 3 0 3 3 3 3 3 2
 0.02241826 0 0 1 3 0 3 3 3 3 3 1
 0.10441090 0 0 3 0 0 3 0 0 0 0 0
-0.01259503 0 0 2 3 2 3 0 0 0 0 0
-0.01259503 0 0 1 3 1 3 0 0 0 0 0
 0.00771899 0 0 2 3 3 0 3 3 3 3 2
 0.00771899 0 0 1 3 3 0 3 3 3 3 1
 0.01088768 0 0 2 3 3 1 1 2 0 0 0
-0.01088768 0 0 2 3 3 2 1 1 0 0 0
-0.01088768 0 0 1 3 3 1 2 2 0 0 0
 0.01088768 0 0 1 3 3 2 2 1 0 0 0
 0.01088768 0 0 2 3 3 1 0 0 1 2 0
-0.01088768 0 0 2 3 3 2 0 0 1 1 0
-0.01088768 0 0 1 3 3 1 0 0 2 2 0
 0.01088768 0 0 1 3 3 2 0 0 2 1 0
 0.01297632 0 0 3 0 0 2 3 3 3 3 3
 0.01297632 0 0 3 0 0 1 3 3 3 3 3
 0.01469928 0 0 2 3 2 2 3 3 3 3 3
 0.01469928 0 0 2 3 2 1 3 3 3 3 3
 0.01469928 0 0 1 3 1 2 3 3 3 3 3
 0.01469928 0 0 1 3 1 1 3 3 3 3 3
-0.01361258 0 0 2 3 3 1 0 0 0 0 1
 0.01361258 0 0 2 3 3 2 0 0 0 0 1
 0.01361258 0 0 1 3 3 1 0 0 0 0 2
-0.01361258 0 0 1 3 3 2 0 0 0 0 2
 0.09954144 0 0 3 0 0 0 3 0 0 0 0
-0.00091260 0 0 2 3 2 0 3 0 0 0 0
-0.00091260 0 0 1 3 1 0 3 0 0 0 0
 0.01411250 0 0 2 3 3 3 0 3 3 3 2
 0.01411250 0 0 1 3 3 3 0 3 3 3 1
 0.11471642 0 0 3 0 0 0 0 3 0 0 0
-0.01180028 0 0 2 3 2 0 0 3 0 0 0
-0.01180028 0 0 1 3 1 0 0 3 0 0 0
 0.02315770 0 0 2 3 3 3 3 0 3 3 2
 0.02315770 0 0 1 3 3 3 3 0 3 3 1
-0.00904520 0 0 2 3 3 3 2 2 3 3 3
-0.00904520 0 0 2 3 3 3 2 1 3 3 3
-0.00904520 0 0 1 3 3 3 1 2 3 3 3
-0.00904520 0 0 1 3 3 3 1 1 3 3 3
 0.09954144 0 0 3 0 0 0 0 0 3 0 0
-0.00091260 0 0 2 3 2 0 0 0 3 0 0
-0.00091260 0 0 1 3 1 0 0 0 3 0 0
 0.01411250 0 0 2 3 3 3 3 3 0 3 2
 0.01411250 0 0 1 3 3 3 3 3 0 3 1
 0.11471642 0 0 3 0 0 0 0 0 0 3 0
-0.01180028 0 0 2 3 2 0 0 0 0 3 0
-0.01180028 0 0 1 3 1 0 0 0 0 3 0
 0.02315770 0 0 2 3 3 3 3 3 3 0 2
 0.02315770 0 0 1 3 3 3 3 3 3 0 1
-0.00904520 0 0 2 3 3 3 3 3 2 2 3
-0.00904520 0 0 2 3 3 3 3 3 2 1 3
-0.00904520 0 0 1 3 3 3 3 3 1 2 3
-0.00904520 0 0 1 3 3 3 3 3 1 1 3
 0.11301690 0 0 3 0 0 0 0 0 0 0 3
 0.00224040 0 0 2 3 2 0 0 0 0 0 3
 0.00224040 0 0 1 3 1 0 0 0 0 0 3
 0.14327035 0 0 3 0 0 0 0 0 0 0 0
 0.01585298 0 0 2 3 2 0 0 0 0 0 0
 0.01585298 0 0 1 3 1 0 0 0 0 0 0
-0.00297943 0 0 2 3 3 3 3 3 3 3 2
-0.00297943 0 0 1 3 3 3 3 3 3 3 1
 0.10441090 0 0 0 3 3 0 0 0 0 0 0
-0.01259503 0 0 0 2 0 2 0 0 0 0 0
-0.01259503 0 0 0 1 0 1 0 0 0 0 0
 0.00771899 0 0 0 2 0 3 3 3 3 3 3
 0.00771899 0 0 0 1 0 3 3 3 3 3 3
-0.01088768 0 0 0 2 1 0 1 2 0 0 0
-0.01088768 0 0 0 2 2 0 2 2 0 0 0
-0.01088768 0 0 0 1 1 0 1 1 0 0 0
-0.01088768 0 0 0 1 2 0 2 1 0 0 0
-0.01088768 0 0 0 2 1 0 0 0 1 2 0
-0.01088768 0 0 0 2 2 0 0 0 2 2 0
-0.01088768 0 0 0 1 1 0 0 0 1 1 0
-0.01088768 0 0 0 1 2 0 0 0 2 1 0
 0.01297632 0 0 0 3 2 3 3 3 3 3 2
 0.01297632 0 0 0 3 1 3 3 3 3 3 1
 0.01469928 0 0 0 2 1 1 3 3 3 3 2
-0.01469928 0 0 0 2 2 1 3 3 3 3 1
-0.01469928 0 0 0 1 1 2 3 3 3 3 2
 0.01469928 0 0 0 1 2 2 3 3 3 3 1
 0.01361258 0 0 0 2 1 0 0 0 0 0 1
 0.01361258 0 0 0 2 2 0 0 0 0 0 2
 0.01361258 0 0 0 1 1 0 0 0 0 0 1
 0.01361258 0 0 0 1 2 0 0 0 0 0 2
 0.08714016 0 0 0 3 0 3 0 0 0 0 0
-0.00009483 0 0 0 3 0 2 3 3 3 3 3
-0.00009483 0 0 0 3 0 1 3 3 3 3 3
 0.02241826 0 0 0 2 3 0 3 3 3 3 3
 0.02241826 0 0 0 1 3 0 3 3 3 3 3
 0.11471642 0 0 0 3 0 0 3 0 0 0 0
-0.01180028 0 0 0 2 3 2 3 0 0 0 0
-0.01180028 0 0 0 1 3 1 3 0 0 0 0
 0.02315770 0 0 0 2 3 3 0 3 3 3 3
 0.02315770 0 0 0 1 3 3 0 3 3 3 3
-0.00904520 0 0 0 2 3 3 1 1 3 3 2
 0.00904520 0 0 0 2 3 3 2 1 3 3 1
 0.00904520 0 0 0 1 3 3 1 2 3 3 2
-0.00904520 0 0 0 1 3 3 2 2 3 3 1
 0.09954144 0 0 0 3 0 0 0 3 0 0 0
-0.00091260 0 0 0 2 3 2 0 3 0 0 0
-0.00091260 0 0 0 1 3 1 0 3 0 0 0
 0.01411250 0 0 0 2 3 3 3 0 3 3 3
 0.01411250 0 0 0 1 3 3 3 0 3 3 3
 0.11471642 0 0 0 3 0 0 0 0 3 0 0
-0.01180028 0 0 0 2 3 2 0 0 3 0 0
-0.01180028 0 0 0 1 3 1 0 0 3 0 0
 0.02315770 0 0 0 2 3 3 3 3 0 3 3
 0.02315770 0 0 0 1 3 3 3 3 0 3 3
-0.00904520 0 0 0 2 3 3 3 3 1 1 2
 0.00904520 0 0 0 2 3 3 3 3 2 1 1
 0.00904520 0 0 0 1 3 3 3 3 1 2 2
-0.00904520 0 0 0 1 3 3 3 3 2 2 1
 0.09954144 0 0 0 3 0 0 0 0 0 3 0
-0.00091260 0 0 0 2 3 2 0 0 0 3 0
-0.00091260 0 0 0 1 3 1 0 0 0 3 0
 0.01411250 0 0 0 2 3 3 3 3 3 0 3
 0.01411250 0 0 0 1 3 3 3 3 3 0 3
 0.14327035 0 0 0 3 0 0 0 0 0 0 3
 0.01585298 0 0 0 2 3 2 0 0 0 0 3
 0.01585298 0 0 0 1 3 1 0 0 0 0 3
-0.00297943 0 0 0 2 3 3 3 3 3 3 0
-0.00297943 0 0 0 1 3 3 3 3 3 3 0
 0.11301690 0 0 0 3 0 0 0 0 0 0 0
 0.00224040 0 0 0 2 3 2 0 0 0 0 0
 0.00224040 0 0 0 1 3 1 0 0 0 0 0
 0.14034708 0 0 0 0 3 3 0 0 0 0 0
-0.01875574 0 0 0 0 2 0 3 3 3 3 2
-0.01875574 0 0 0 0 1 0 3 3 3 3 1
 0.01563440 0 0 0 0 2 1 1 2 0 0 0
-0.01563440 0 0 0 0 2 2 1 1 0 0 0
-0.01563440 0 0 0 0 1 1 2 2 0 0 0
 0.01563440 0 0 0 0 1 2 2 1 0 0 0
 0.01563440 0 0 0 0 2 1 0 0 1 2 0
-0.01563440 0 0 0 0 2 2 0 0 1 1 0
-0.01563440 0 0 0 0 1 1 0 0 2 2 0
 0.01563440 0 0 0 0 1 2 0 0 2 1 0
-0.01875574 0 0 0 0 3 2 3 3 3 3 3
-0.01875574 0 0 0 0 3 1 3 3 3 3 3
 0.01934264 0 0 0 0 2 1 0 0 0 0 1
-0.01934264 0 0 0 0 2 2 0 0 0 0 1
-0.01934264 0 0 0 0 1 1 0 0 0 0 2
 0.01934264 0 0 0 0 1 2 0 0 0 0 2
 0.11016279 0 0 0 0 3 0 3 0 0 0 0
-0.01391849 0 0 0 0 2 3 0 3 3 3 2
-0.01391849 0 0 0 0 1 3 0 3 3 3 1
 0.12579718 0 0 0 0 3 0 0 3 0 0 0
-0.01069841 0 0 0 0 2 3 3 0 3 3 2
-0.01069841 0 0 0 0 1 3 3 0 3 3 1
-0.00322008 0 0 0 0 2 3 2 2 3 3 3
-0.00322008 0 0 0 0 2 3 2 1 3 3 3
-0.00322008 0 0 0 0 1 3 1 2 3 3 3
-0.00322008 0 0 0 0 1 3 1 1 3 3 3
 0.11016279 0 0 0 0 3 0 0 0 3 0 0
-0.01391849 0 0 0 0 2 3 3 3 0 3 2
-0.01391849 0 0 0 0 1 3 3 3 0 3 1
 0.12579718 0 0 0 0 3 0 0 0 0 3 0
-0.01069841 0 0 0 0 2 3 3 3 3 0 2
-0.01069841 0 0 0 0 1 3 3 3 3 0 1
-0.00322008 0 0 0 0 2 3 3 3 2 2 3
-0.00322008 0 0 0 0 2 3 3 3 2 1 3
-0.00322008 0 0 0 0 1 3 3 3 1 2 3
-0.00322008 0 0 0 0 1 3 3 3 1 1 3
 0.09476617 0 0 0 0 3 0 0 0 0 0 3
 0.11410881 0 0 0 0 3 0 0 0 0 0 0
 0.01050761 0 0 0 0 2 3 3 3 3 3 2
 0.01050761 0 0 0 0 1 3 3 3 3 3 1
 0.12579718 0 0 0 0 0 3 3 0 0 0 0
-0.01069841 0 0 0 0 0 2 0 3 3 3 3
-0.01069841 0 0 0 0 0 1 0 3 3 3 3
-0.00322008 0 0 0 0 0 2 1 1 3 3 2
 0.00322008 0 0 0 0 0 2 2 1 3 3 1
 0.00322008 0 0 0 0 0 1 1 2 3 3 2
-0.00322008 0 0 0 0 0 1 2 2 3 3 1
 0.11016279 0 0 0 0 0 3 0 3 0 0 0
-0.01391849 0 0 0 0 0 2 3 0 3 3 3
-0.01391849 0 0 0 0 0 1 3 0 3 3 3
 0.12579718 0 0 0 0 0 3 0 0 3 0 0
-0.01069841 0 0 0 0 0 2 3 3 0 3 3
-0.01069841 0 0 0 0 0 1 3 3 0 3 3
-0.00322008 0 0 0 0 0 2 3 3 1 1 2
 0.00322008 0 0 0 0 0 2 3 3 2 1 1
 0.00322008 0 0 0 0 0 1 3 3 1 2 2
-0.00322008 0 0 0 0 0 1 3 3 2 2 1
 0.11016279 0 0 0 0 0 3 0 0 0 3 0
-0.01391849 0 0 0 0 0 2 3 3 3 0 3
-0.01391849 0 0 0 0 0 1 3 3 3 0 3
 0.11410881 0 0 0 0 0 3 0 0 0 0 3
 0.01050761 0 0 0 0 0 2 3 3 3 3 0
 0.01050761 0 0 0 0 0 1 3 3 3 3 0
 0.09476617 0 0 0 0 0 3 0 0 0 0 0
 0.14669319 0 0 0 0 0 0 3 3 0 0 0
 0.00790741 0 0 0 0 0 0 2 1 1 2 0
-0.00790741 0 0 0 0 0 0 2 2 1 1 0
-0.00790741 0 0 0 0 0 0 1 1 2 2 0
 0.00790741 0 0 0 0 0 0 1 2 2 1 0
 0.00808025 0 0 0 0 0 0 2 1 0 0 1
-0.00808025 0 0 0 0 0 0 2 2 0 0 1
-0.00808025 0 0 0 0 0 0 1 1 0 0 2
 0.00808025 0 0 0 0 0 0 1 2 0 0 2
 0.12297096 0 0 0 0 0 0 3 0 3 0 0
 0.13087837 0 0 0 0 0 0 3 0 0 3 0
 0.11020259 0 0 0 0 0 0 3 0 0 0 3
 0.11828284 0 0 0 0 0 0 3 0 0 0 0
 0.13087837 0 0 0 0 0 0 0 3 3 0 0
 0.12297096 0 0 0 0 0 0 0 3 0 3 0
 0.11828284 0 0 0 0 0 0 0 3 0 0 3
 0.11020259 0 0 0 0 0 0 0 3 0 0 0
 0.14669319 0 0 0 0 0 0 0 0 3 3 0
 0.00808025 0 0 0 0 0 0 0 0 2 1 1
-0.00808025 0 0 0 0 0 0 0 0 2 2 1
-0.00808025 0 0 0 0 0 0 0 0 1 1 2
 0.00808025 0 0 0 0 0 0 0 0 1 2 2
 0.11020259 0 0 0 0 0 0 0 0 3 0 3
 0.11828284 0 0 0 0 0 0 0 0 3 0 0
 0.11828284 0 0 0 0 0 0 0 0 0 3 3
 0.11020259 0 0 0 0 0 0 0 0 0 3 0
 0.15209492 0 0 0 0 0 0 0 0 0 0 3
